((0, 1), 0, (0, 1)) : -7
((0, 1), 0, (2, 1)) : -5
((0, 1), 0, (4, 1)) : -5
((0, 1), 1, (0, 2)) : -14
((0, 1), 1, (2, 2)) : -10
((0, 1), 1, (4, 2)) : -10
((0, 2), -1, (0, 1)) : -7
((0, 2), -1, (2, 1)) : -5
((0, 2), -1, (4, 1)) : -5
((0, 2), 0, (0, 2)) : -14
((0, 2), 0, (2, 2)) : -10
((0, 2), 0, (4, 2)) : -10
((0, 2), 1, (0, 3)) : -21
((0, 2), 1, (2, 3)) : -17
((0, 2), 1, (4, 3)) : -15
((0, 3), -1, (0, 2)) : -14
((0, 3), -1, (2, 2)) : -10
((0, 3), -1, (4, 2)) : -10
((0, 3), 0, (0, 3)) : -21
((0, 3), 0, (2, 3)) : -17
((0, 3), 0, (4, 3)) : -15
((1, 1), 0, (0, 1)) : 3
((1, 1), 0, (2, 1)) : 5
((1, 1), 0, (4, 1)) : 5
((1, 1), 1, (0, 2)) : -4
((1, 1), 1, (2, 2)) : 0
((1, 1), 1, (4, 2)) : 0
((1, 2), -1, (0, 1)) : 3
((1, 2), -1, (2, 1)) : 5
((1, 2), -1, (4, 1)) : 5
((1, 2), 0, (0, 2)) : -4
((1, 2), 0, (2, 2)) : 0
((1, 2), 0, (4, 2)) : 0
((1, 2), 1, (0, 3)) : -11
((1, 2), 1, (2, 3)) : -7
((1, 2), 1, (4, 3)) : -5
((1, 3), -1, (0, 2)) : -4
((1, 3), -1, (2, 2)) : 0
((1, 3), -1, (4, 2)) : 0
((1, 3), 0, (0, 3)) : -11
((1, 3), 0, (2, 3)) : -7
((1, 3), 0, (4, 3)) : -5
((2, 1), 0, (1, 1)) : 5
((2, 1), 0, (3, 1)) : 5
((2, 1), 0, (5, 1)) : -5
((2, 1), 1, (1, 2)) : -2
((2, 1), 1, (3, 2)) : 0
((2, 1), 1, (5, 2)) : -10
((2, 2), -1, (0, 1)) : 13
((2, 2), -1, (2, 1)) : 15
((2, 2), -1, (4, 1)) : 15
((2, 2), 0, (0, 2)) : 6
((2, 2), 0, (2, 2)) : 10
((2, 2), 0, (4, 2)) : 10
((2, 2), 1, (0, 3)) : -1
((2, 2), 1, (2, 3)) : 3
((2, 2), 1, (4, 3)) : 5
((2, 3), -1, (0, 2)) : 6
((2, 3), -1, (2, 2)) : 10
((2, 3), -1, (4, 2)) : 10
((2, 3), 0, (0, 3)) : -1
((2, 3), 0, (2, 3)) : 3
((2, 3), 0, (4, 3)) : 5
((3, 1), 0, (2, 1)) : 5
((3, 1), 0, (4, 1)) : 5
((3, 1), 0, (6, 1)) : -5
((3, 1), 1, (2, 2)) : 0
((3, 1), 1, (4, 2)) : 0
((3, 1), 1, (6, 2)) : -10
((3, 2), -1, (1, 1)) : 15
((3, 2), -1, (3, 1)) : 15
((3, 2), -1, (5, 1)) : 5
((3, 2), 0, (1, 2)) : 8
((3, 2), 0, (3, 2)) : 10
((3, 2), 0, (5, 2)) : 0
((3, 2), 1, (1, 3)) : 1
((3, 2), 1, (3, 3)) : 5
((3, 2), 1, (5, 3)) : -5
((3, 3), -1, (0, 2)) : 16
((3, 3), -1, (2, 2)) : 20
((3, 3), -1, (4, 2)) : 20
((3, 3), 0, (0, 3)) : 9
((3, 3), 0, (2, 3)) : 13
((3, 3), 0, (4, 3)) : 15
((4, 1), 0, (3, 1)) : 5
((4, 1), 0, (5, 1)) : -5
((4, 1), 0, (7, 1)) : -5
((4, 1), 1, (3, 2)) : 0
((4, 1), 1, (5, 2)) : -10
((4, 1), 1, (7, 2)) : -10
((4, 2), -1, (2, 1)) : 15
((4, 2), -1, (4, 1)) : 15
((4, 2), -1, (6, 1)) : 5
((4, 2), 0, (2, 2)) : 10
((4, 2), 0, (4, 2)) : 10
((4, 2), 0, (6, 2)) : 0
((4, 2), 1, (2, 3)) : 3
((4, 2), 1, (4, 3)) : 5
((4, 2), 1, (6, 3)) : -5
((4, 3), -1, (1, 2)) : 18
((4, 3), -1, (3, 2)) : 20
((4, 3), -1, (5, 2)) : 10
((4, 3), 0, (1, 3)) : 11
((4, 3), 0, (3, 3)) : 15
((4, 3), 0, (5, 3)) : 5
((5, 1), 0, (4, 1)) : 5
((5, 1), 0, (6, 1)) : -5
((5, 1), 0, (8, 1)) : -5
((5, 1), 1, (4, 2)) : 0
((5, 1), 1, (6, 2)) : -10
((5, 1), 1, (8, 2)) : -10
((5, 2), -1, (3, 1)) : 15
((5, 2), -1, (5, 1)) : 5
((5, 2), -1, (7, 1)) : 5
((5, 2), 0, (3, 2)) : 10
((5, 2), 0, (5, 2)) : 0
((5, 2), 0, (7, 2)) : 0
((5, 2), 1, (3, 3)) : 5
((5, 2), 1, (5, 3)) : -5
((5, 2), 1, (7, 3)) : -5
((5, 3), -1, (2, 2)) : 20
((5, 3), -1, (4, 2)) : 20
((5, 3), -1, (6, 2)) : 10
((5, 3), 0, (2, 3)) : 13
((5, 3), 0, (4, 3)) : 15
((5, 3), 0, (6, 3)) : 5
((6, 1), 0, (5, 1)) : -5
((6, 1), 0, (7, 1)) : -5
((6, 1), 0, (8, 1)) : -5
((6, 1), 1, (5, 2)) : -10
((6, 1), 1, (7, 2)) : -10
((6, 1), 1, (8, 2)) : -10
((6, 2), -1, (4, 1)) : 15
((6, 2), -1, (6, 1)) : 5
((6, 2), -1, (8, 1)) : 5
((6, 2), 0, (4, 2)) : 10
((6, 2), 0, (6, 2)) : 0
((6, 2), 0, (8, 2)) : 0
((6, 2), 1, (4, 3)) : 5
((6, 2), 1, (6, 3)) : -5
((6, 2), 1, (8, 3)) : -5
((6, 3), -1, (3, 2)) : 20
((6, 3), -1, (5, 2)) : 10
((6, 3), -1, (7, 2)) : 10
((6, 3), 0, (3, 3)) : 15
((6, 3), 0, (5, 3)) : 5
((6, 3), 0, (7, 3)) : 5
((7, 1), 0, (6, 1)) : -5
((7, 1), 0, (8, 1)) : -5
((7, 1), 1, (6, 2)) : -10
((7, 1), 1, (8, 2)) : -10
((7, 2), -1, (5, 1)) : 5
((7, 2), -1, (7, 1)) : 5
((7, 2), -1, (8, 1)) : 5
((7, 2), 0, (5, 2)) : 0
((7, 2), 0, (7, 2)) : 0
((7, 2), 0, (8, 2)) : 0
((7, 2), 1, (5, 3)) : -5
((7, 2), 1, (7, 3)) : -5
((7, 2), 1, (8, 3)) : -5
((7, 3), -1, (4, 2)) : 20
((7, 3), -1, (6, 2)) : 10
((7, 3), -1, (8, 2)) : 10
((7, 3), 0, (4, 3)) : 15
((7, 3), 0, (6, 3)) : 5
((7, 3), 0, (8, 3)) : 5
((8, 1), 0, (7, 1)) : -5
((8, 1), 0, (8, 1)) : -5
((8, 1), 1, (7, 2)) : -10
((8, 1), 1, (8, 2)) : -10
((8, 2), -1, (6, 1)) : 5
((8, 2), -1, (8, 1)) : 5
((8, 2), 0, (6, 2)) : 0
((8, 2), 0, (8, 2)) : 0
((8, 2), 1, (6, 3)) : -5
((8, 2), 1, (8, 3)) : -5
((8, 3), -1, (5, 2)) : 10
((8, 3), -1, (7, 2)) : 10
((8, 3), -1, (8, 2)) : 10
((8, 3), 0, (5, 3)) : 5
((8, 3), 0, (7, 3)) : 5
((8, 3), 0, (8, 3)) : 5
